1001994
1005991
1011354
1012609
1013001
1018916
1020034
1023035
1023158
1026037
1026774
1027300
1032208
1033020
1034230
1036515
1037830
1042567
1044077
1048517
1054538
1056410
1059081
1061214
1061600
1063733
1064346
1064636
1064835
1065909
1067473
1068218
1069405
1069762
1070962
1072044
1072130
1072174
1072760
1072847
1072871
1073577
1074280
1075546
1077687
1079729
1080312
1080987
1085175
1086145
1086842
1087633
1088635
1089207
1092370
1092947
1096026
1096138
1098314
1098583
1099437
1100409
1101158
1102204
1105045
1107009
1107011
1108455
1109889
1110488
1110557
1111243
1111248
1111251
1111327
1111737
1111834
1114058
1114569
1115776
1116306
1117304
1117406
1117977
1118894
1119019
1119579
1120655
1122218
1122387
1123882
1124018
1124898
1125025
1125734
1127012
1127206
1127246
1128064
1128196
1128939
1130150
1130541
1132265
1132342
1132468
1133909
1135066
1135511
1136397
1137326
1137624
1138199
1138391
1138554
1138808
1140537
1142210
1143130
1143194
1143299
1143679
1144991
1145781
1146101
1146213
1146339
1146416
1146724
1149526
1149542
1151139
1151650
1152026
1152177
1153478
1153688
1154683
1154876
1155474
1155985
1156861
1159321
1159973
1160884
1161063
1161719
1163109
1163359
1163852
1164567
1165706
1166082
1166900
1166924
1167332
1167356
1167888
1168207
1168959
1169867
1170246
1170794
1170809
1171603
1172055
1172076
1172189
1172397
1173284
1174479
1175396
1176270
1177501
1177948
1178058
1178148
1178890
1179262
1179484
1181204
1181571
1181651
1182711
1182723
1183153
1184068
1184500
1185157
1185820
1186160
1186657
1186725
1186962
1188105
1188590
1189814
1190038
1191463
1191942
1192401
1193038
1193757
1193999
1194002
1194006
1194818
1194820
1196237
1197012
1198435
1200326
1200580
1200856
1200869
1201793
1202677
1202844
1203135
1204580
1204669
1204700
1205707
1205937
1206564
1207571
1208059
1208665
1209471
1210302
1212305
1213979
1218326
1219330
1220493
1221421
1221904
1224100
1225250
1228950
940684
969309
988698
1000185
1000598
1000960
1002340
1002702
1004480
1005578
1005584
1007223
1009675
1009952
1011007
1012694
1013056
1015540
1016519
1018234
1018486
1018524
1019684
1020008
1020041
1020219
1021240
1021312
1021969
1022773
1022945
1023121
1024765
1027359
1028358
1028891
1033121
1034383
1035007
1035438
1037641
1037666
1041148
1041512
1042699
1045977
1047831
1054359
1062876
1062981
1063327
1080995
1087565
1092855
1095859
1105914
1106596
1123661
1140616
1141382
1144107
1144988
1145255
1147497
1149891
1154923
1155328
1158489
1163422
1164766
1170344
1171518
1171540
1175278
1177861
1180064
1184009
1185033
1185115
1185256
1186718
1186973
1187420
1188010
1189860
1190248
1190526
1192028
1192226
1199171
1199430
1200148
1202868
1204061
1204155
1204269
1205157
1205163
1205900
1206211
1206675
1207298
1207958
1209358
1209365
1209366
1209368
1209546
1211262
1212328
1215648
1216748
1220450
1221385
1221872
1222015
1222101
1222809
1223670
1223810
1224200
1224361
1224363
1224369
1224396
1224979
1225618
1227052
1228103
1228754
1228882
1229825
1229855
1230483
1230639
1230668
1230686
1231121
1231919
1233152
1233346
1233925
1234147
1234280
1234425
1234571
1234576
1234578
1236519
1237219
1238558
1238592
1238935
1240760
1240880
1241217
1241731
1241896
1242279
1242322
1242668
1242798
1242810
1243178
1243335
1243464
1243466
1243473
1243482
1243513
1243526
1243555
1243583
1243597
1243816
1243823
1244250
1244995
1245264
1245528
1245743
1245866
1246014
1246054
1246061
1246093
1246945
1246956
1246972
1247236
1248580
1248794
1248804
1248805
1248876
1249081
1249183
1249338
1249377
1249578
1249685
1249920
1251308
1251922
1252707
1253099
1254106
1254122
1254164
1254622
1254688
1254721
1254876
1255270
1255298
1255949
1256065
1256493
1256739
1256968
1257765
1258079
1258231
1260439
1261175
1261230
1261752
1261933
1263384
1264300
1264575
1264998
1265577
1266963
1267130
1268626
1268854
1269729
1270381
1270537
1271037
1271460
1273129
1273202
1273265
1273537
1273701
1274637
1275339
1275582
1276897
1277213
1277475
1278013
1279146
1279814
1280215
1280443
1282076
1282246
1282502
1282992
1283823
1284690
1285833
1285960
1286183
1286911
1287204
1287266
1287721
1287912
1288555
1288588
1288780
1289280
1289970
1291016
1291665
1292159
1292443
1292534
1292590
1293334
1293347
1293985
1294095
1294407
1294677
1297062
1297111
1297361
129793
1298169
1298773
1299098
1299519
1299686
1301343
1301381
1301496
1303127
1303418
1303678
1303710
1308048
1308251
1308346
1309720
1309834
1311687
1312001
1312272
1312548
1312609
1313212
1313711
1314442
1315631
1317409
1317805
1317936
1319070
1319122
1319524
1320039
1320057
1321066
1321384
1321612
1321814
1322107
1322315
1322420
1322896
1322971
1323338
1324042
1324379
1324716
1325052
1325200
1325513
1325877
1325938
1328251
1328762
1328834
1328861
1329403
1329796
1330687
1330769
1331058
1331209
1332550
1332597
1333568
1333858
1333887
1334876
1334933
1335450
1336510
1336622
1336699
1336828
1336830
1336832
1336964
1336979
1337418
1338383
1339259
1339722
1340127
1340138
1340482
1341096
1341191
1342101
1342552
1342567
1342661
1342742
1342823
1343261
1343453
1343505
1343552
1343642
1343795
1344034
1344081
1344305
1344380
1344415
1344461
1344467
1344686
1345089
1345461
1346012
1346140
1346419
1346590
1346648
1346654
1347075
1347168
1347262
1347617
1347748
1347979
1348143
1348168
1348424
1348645
1348894
1348941
1348955
1349266
1349276
1349310
1349340
1349595
1349621
1349719
1349946
1350047
1350683
1350844
1352093
1352295
1352556
1352745
1352747
1352926
1353088
1353312
1353476
1353975
1354443
1355039
1355174
1355182
1356025
1356558
1356607
1356824
1356985
1357090
1357462
1358551
1359547
1359639
1360309
1360334
1361326
1362590
1362924
1363280
1363396
1363723
1364283
1365189
1365602
1365875
1366140
1366595
1366903
1367692
1368030
1368105
1368362
1368490
1368576
1368652
1368732
1369561
1369913
1369994
1371259
1371283
1371424
1371586
1371657
1371889
1371890
1372112
1372849
1372985
1373220
1374047
1375146
1376036
1376087
1376459
1377426
1377618
1378147
1378826
1380284
1380292
1380426
1380824
1382366
1383002
1386787
1387427
1387799
1387918
1388020
1389974
1390550
1390980
1392739
1393367
1393624
1393840
1394265
1394530
1395138
1395246
1395508
1395598
1396320
1397811
1398381
1399400
1399520
1400003
1400554
1400763
1401804
1402372
1404636
1406398
1406750
1407740
1407751
1408005
1408017
1408276
1408412
1408990
1409440
1409951
1410106
1410134
1411415
1411458
1412081
1412145
1412252
1412420
1414452
1414829
1415582
1415598
1416529
1416878
1417797
1418447
1418854
1418922
1419363
1422389
1423086
1423159
1425000
1425520
1425612
1425780
1425930
1426129
1426783
1426988
1428589
1428947
1430557
1433005
1433609
1434384
1434580
1435319
1436241
1437087
1437450
1437507
1437842
1438425
1438556
1440717
1440775
1440926
1441941
1442010
1442722
1443092
1443748
1443865
1443891
1444668
1446062
1446365
1447080
1448705
1448774
1449548
1449736
1449898
1450688
1450989
1451297
1451376
1452037
1452075
1452202
1452375
1452576
1453127
1454285
1454692
1454909
1456189
1456975
1458048
1458264
1458270
1459162
1459206
1459383
1459568
1459693
1460619
1461324
1461619
1462682
1462891
1463244
1463494
1463884
1464039
1464063
1464079
1464784
1464829
1465108
1465686
1465898
1466577
1466991
1467363
1467523
1467889
1467938
1468217
1468523
1468738
1469309
1469486
1469914
1470260
1471953
1472925
1473113
1473161
1475775
1475835
1478575
1478843
1478849
1480092
1480517
1480521
1481093
1481844
1483120
1483602
1483699
1483905
1484905
1487098
1487478
1487660
1487964
1488295
1488803
1490234
1490561
1490585
1492524
1492823
1493347
1493900
1493903
1494752
1495011
1495245
1496159
1496340
1497749
1498460
1498482
1498701
1498765
1499108
1499198
1499719
1499861
1500011
1500759
1501152
1502013
1502871
1503082
1503326
1503393
1504365
1504452
1505181
1506640
1506665
1507180
1510114
1510471
1510494
1512450
1513201
1514682
1515052
1515342
1516325
1516514
1516738
1516834
1517542
1518001
1518774
1521214
1521304
1521542
1523362
1524214
1524755
1525145
1525433
1525815
1525817
1526218
1527717
1528481
1528829
1528909
1529203
1530103
1530958
1531277
1532465
1532525
1532553
1532599
1533522
1533554
1533957
1534196
1534593
1535194
1535518
1535612
1536227
1536405
1536768
1537924
1538006
1538007
1538008
1538015
1538042
1538619
1538736
1539219
1539598
1540136
1540166
1540221
1540541
1540759
1541580
1542097
1542324
1542465
1542581
1542829
1543191
1543804
1544181
1544386
1544670
1545345
1546327
1546331
1546544
1547266
1547757
1548044
1548306
1548822
1550133
1550498
1551615
1551913
1552206
1552541
1554110
1555523
1558299
1558522
1559715
1559858
1560495
1560667
1561404
1561484
1561502
1561912
1562033
1563133
1563327
1564449
1564481
1564588
1565374
1565744
1565780
1567209
1568047
1568397
1568858
1570358
1571223
1572541
1572838
1573048
1573160
1574980
1575217
1576843
1577061
1577107
1577719
1577953
1578933
1580156
1580288
1581084
1581950
1582857
1583463
1583684
1584170
1584216
1584907
1585760
1586176
1586599
1586845
1591334
1592078
1592502
1595470
1595786
1595886
1596668
1596706
1598543
1598605
1599005
1599008
1599181
1601826
1602843
1602944
1603055
1604847
1604851
1605777
1606596
1607443
1607742
1607762
1608256
1608580
1608785
1610426
1610880
1611482
1612308
1612636
1613765
1614339
1614468
1614704
1614971
1615471
1616661
1617928
1618911
1619305
1620193
1620203
1620818
1622278
1624098
1625404
1625749
1626382
1626728
1628076
1631508
1631576
1631618
1632241
1632717
1633880
1634872
1635293
1637745
1639590
1640737
1641303
1641487
1642028
1642792
1643199
1643437
1643613
1643874
1644839
1644954
1645204
1645835
1646006
1646140
1646787
1647293
1648333
1648493
1649347
1650811
1651001
1651678
1652360
1652364
1653626
1656697
1656741
1656957
1656987
1657739
1657916
1658214
1660211
1660236
1660800
1660954
1661365
1661617
1662760
1663439
1663466
1663571
1664831
1666140
1666300
1666570
1667113
1667912
1669355
1669466
1670358
1671479
1671923
1672223
1672528
1673589
1675905
1677047
1679003
1680084
1681022
1683964
406541
627295
629816
633691
634444
635852
643967
657588
670317
670514
680456
684555
687745
688208
690970
699033
699594
701269
704354
705855
706381
708688
708825
711043
711653
712572
712914
714590
714614
714616
714631
715073
715319
716067
716556
717488
717511
718202
718203
718290
718516
718573
718852
719750
719994
720079
720103
720305
720380
720619
723446
723453
723465
723773
723808
723971
724247
724284
724599
725499
725611
725770
726332
726502
727303
727330
727401
727547
730208
730415
730425
732233
732870
732941
732951
733282
733305
733979
734076
734288
735073
735104
735943
736012
736537
736589
736609
737129
737182
737307
737384
737559
737875
738396
738841
738985
739925
740595
743475
743876
744480
744541
744888
745158
745254
745494
745580
746103
746855
746896
747607
747688
748119
748613
748948
749039
749385
750066
750096
750109
750575
750820
750932
751422
752038
752087
752662
752902
753162
754044
754150
754242
754725
754989
755916
756241
756581
756600
756719
757376
757431
758200
758344
758408
758471
758990
759249
760887
760996
761448
761655
761831
762280
762920
763225
764176
764296
765139
765179
765218
765409
765527
765621
765936
766018
766304
766452
767765
767778
768101
768243
768313
768568
768750
769120
769303
770429
770478
771859
771873
771942
771976
771994
772282
772346
773097
773207
774548
774597
774953
775009
775206
775228
775793
775794
775852
775868
776213
777028
777578
777806
778428
778765
779849
780370
780549
780712
780778
780979
781859
782141
783260
783502
784404
784730
785358
785555
785574
785720
785734
785753
785967
786111
786142
786895
787089
787283
787493
787704
787722
787818
787831
788822
788950
788959
789075
790373
790856
790865
790879
791432
791601
791905
792106
792305
792405
793121
793253
793848
794025
794158
794426
795281
795284
795708
795804
796475
796866
797163
797977
798677
798678
798691
798853
798867
799803
799907
799952
800666
801114
801195
801330
801681
802026
802168
802557
802778
802902
803228
803853
803870
804237
804927
805024
805121
805287
805294
805745
805807
805814
805957
806031
806483
808402
808481
808736
809064
809295
809652
809674
810169
811382
812161
812380
812847
812893
813442
813901
813906
814001
814026
814027
814029
814407
814552
814713
814839
815315
815795
816842
816994
817841
818241
818454
819635
819775
821479
821850
821991
822081
822858
822910
822941
824643
824856
825697
825721
826104
826163
826392
826471
826588
827070
827106
827193
827596
827687
827870
830134
830389
830399
830595
830943
830975
831055
831095
832162
834240
834526
834732
835499
837007
837324
837714
838413
839209
839621
839745
840098
840263
840353
842300
842687
843434
844088
846615
847606
848237
848253
848417
848535
848644
849014
849597
850478
850492
850931
851353
851418
851781
851982
852315
852923
853709
854001
854157
854897
855236
855331
857883
858060
858101
859072
859892
860123
860971
861530
862182
862185
862309
863454
863933
863935
864558
865537
865569
865883
865948
866544
866823
866825
866915
867482
867597
868327
870200
871099
871368
871462
873073
874974
876155
876458
876762
876878
877287
878703
879139
879787
880544
880734
883450
883514
886102
886850
887098
887921
888107
888314
888361
889193
890432
890853
891693
893308
893519
893572
893684
894370
895294
895557
896126
896268
897676
897678
898381
898832
898871
899022
901351
905382
905903
906301
907727
909494
909586
910438
910881
911707
911845
911864
912534
913805
914017
915210
916404
916576
916580
916635
916685
917380
918864
919592
920515
921470
921622
922009
922603
924348
925100
925308
925747
925896
926361
927579
927687
929261
930281
930381
930857
930874
932162
932449
932496
933219
934016
934545
936056
936808
937132
937582
937697
938341
938431
938615
938626
939472
941887
942152
942164
942940
943803
944278
944321
944353
944851
945192
945334
945585
945939
946658
946733
947592
949843
950000
950438
950452
950604
951366
952022
953104
953114
953373
958867
960145
961676
963150
963198
963974
964462
965982
966006
966021
966311
966630
967341
967354
969226
969517
969549
973874
977538
977955
978652
978811
980537
982906
982909
982957
982974
983344
985070
986678
986843
986864
987003
987140
988719
989183
989994
990096
990247
990794
990868
991471
991981
992274
992968
993546
994444
994907
995075
995607
995679
995704
995816
995817
996536
996715
996883
999274
999651
1015973
1020205
1020411
1026022
1127481
1199923
1208946
1240290
1240893
1256009
1257361
1261335
1264053
1270288
1275400
1295002
1295299
1296024
1297934
1301876
1303713
1304201
1306142
1306890
1307557
1308036
1312243
1315248
1317085
1319370
1320894
1321038
1321566
1322716
1323150
1323241
1324000
1325511
1328121
1328323
1331771
1332501
1332569
1333752
1334246
1334290
1336467
1337504
1338876
1339116
1339566
1339591
1340186
1341905
1343513
1400563
1411592
1411699
1411708
1411716
1411720
1411732
1419417
1423432
1450345
1450353
1457721
1462910
1464056
1464667
1482659
1483510
1507218
1507696
1510345
1512511
1528335
1533300
1533842
1535482
1535848
1537692
1540590
1542593
1544180
1547472
1547760
1548611
1549768
1551907
1552208
1552632
1552993
1553808
1553814
1553820
1555646
1556230
1562600
1571481
1586630
1606610
1606619
1608068
1608539
1609607
1609951
1611105
1613623
1617370
1631187
1631597
1634738
1637682
1639734
1642400
1644076
1651449
1677338
504014
552002
555018
562442
575294
624621
646968
649079
652054
653672
655098
655389
655649
655836
657198
657462
658864
660453
661567
662215
662309
663899
664930
665070
665360
665548
665578
667011
667507
668941
669228
670319
671160
671756
672436
672485
672892
673757
674182
674776
674843
675515
675747
676918
677847
678818
679494
679593
679986
680687
682252
682727
684882
684938
685186
685321
686044
686107
688364
688974
689892
690225
690376
691299
691746
691873
692817
693143
693144
693399
694200
694576
694953
695076
696579
696748
697255
700512
701071
701248
701259
701637
701806
702466
704482
705347
705651
706249
707051
708186
708198
710079
711651
712169
712289
713209
714600
715662
719612
726264
739343
748764
750850
753230
753623
761014
770684
778603
779821
783867
790139
792857
798045
798264
868267
875818
882897
883686
887334
888820
891292
894137
985135
997795
1011859
1030667
1043787
1049095
1050340
1050690
1066190
1079658
1086999
1092363
1094536
1095925
1109552
1111960
1113431
1120261
1125013
1125389
1132467
1134560
1134561
1138669
1141081
1148328
1148732
1149605
1152280
1170390
1195976
1200004
626775
653926
680840
682335
716868
722831
761667
779413
790454
801366
811557
821573
830614
840882
843829
849791
871161
879924
882865
883165
883313
883322
886262
890277
894736
903885
904886
910139
911547
916726
917841
935618
950427
956524
961512
963962
972622
978862
987794
988106
988675
989210
991533
994337
995289
1000514
1017616
1025267
1046421
1073952
1074642
1079554
1098497
1110212
1116385
1117140
1128126
1136692
1141959
1147597
1149000
1149094
1160890
1162372
1176340
1178033
1181957
1182778
1186621
1189082
1191423
1193027
1193093
1195735
1197059
1197901
1199400
1201183
1203078
1206283
1208339
1208520
1208525
1208956
1210023
1211871
1212356
1212669
1212939
1214782
1216130
1216837
1217663
1218124
1219339
1221444
1221620
1222798
1223743
1226423
1226977
1227462
1227538
1228590
1229426
1229681
1230768
1231761
1232069
1233784
1234401
1234949
1235876
1236923
1237103
1238440
1241034
1241037
1245724
1245791
1245795
1246742
1246944
1247239
1247968
1248329
1249522
1252330
1252511
1253673
1255474
1255570
1261776
1268034
1273678
1274777
1276413
1276976
1277866
1280294
1280387
1281071
1281482
1281965
1282430
1282746
1284372
1284395
1285003
1287316
1288482
1288561
1288946
1289085
1289273
1289701
1290244
1293327
1293463
1293709
1294438
1295023
1295322
1295324
1295542
1295747
1295945
1296078
1296087
1296649
1297099
1297740
1297808
1298107
1298509
1298552
1299147
1300083
1300129
1300145
1301252
1301547
1301777
1302231
1302973
1305876
1306628
1306696
1306883
1307254
1307458
1308688
1308922
1309198
1309282
1309310
1309823
1310183
1311319
1313385
1314401
1314667
1314912
1315435
1315447
1315543
1315848
1317242
1317501
1317641
1318645
1318766
1319157
1319456
1319888
1321247
1321374
1321619
1321719
1322305
1322864
1324810
1325344
1325923
1325955
1328295
1328300
1328642
1329521
1329989
1330739
1334776
1337304
1338867
1339485
1339601
1341026
1342181
1343069
1344517
1344666
1346515
1347968
1349138
1349421
1349604
1350460
1352039
1352073
1352875
1353356
1353763
1354853
1356596
1356893
1358009
1358248
1360842
1360852
1361098
1361100
1361432
1361749
1362050
1363150
1364399
1365894
1366357
1366420
1366446
1367497
1367531
1367727
1367850
1368859
1368981
1369560
1369836
1370070
1370497
1370817
1371484
1371511
1371891
1371982
1372509
1373663
1373934
1374281
1375435
1378113
1378207
1378658
1379276
1379411
1379414
1379842
1380597
1382851
1383019
1383951
1384121
1384544
1384615
1385112
1386490
1387659
1387845
1388015
1388045
1388113
1389561
1390882
1392026
1392105
1392955
1394031
1394522
1395919
1396399
1397064
1399540
1399922
1400912
1401339
1401420
1401459
1402363
1402368
1402876
1402896
1403646
1403716
1404297
1405599
1406154
1407032
1407375
1408194
1408349
1408708
1408782
1409179
1409449
1410140
1411631
1412313
1412641
1412645
1412646
1412648
1412653
1412882
1412942
1413033
1413143
1413841
1413857
1414768
1415158
1415291
1415508
1415644
1415748
1415770
1415788
1415883
1416045
1416519
1416523
1416799
1416879
1416940
1417405
1417661
1418074
1418841
1418966
1419166
1419373
1420001
1420049
1420296
1420507
1421099
1421324
1421786
1421963
1422231
1422456
1422631
1422643
1423173
1423275
1423770
1424107
1424261
1425224
1425257
1425267
1425691
1426002
1426353
1426449
1426603
1427126
1427289
1427585
1429093
1429379
1429768
1430511
1430974
1431336
1431371
1432323
1432358
1432624
1432778
1432846
1432855
1432856
1432870
1433502
1433671
1434490
1434634
1435036
1435566
1435908
1436117
1436482
1436759
1436809
1436983
1437009
1437325
1437455
1438025
1438671
1438827
1439655
1439723
1440079
1440465
1441006
1441468
1442318
1442840
1444086
1444673
1445234
1445844
1447087
1447969
1447989
1448305
1448505
1448612
1448771
1449358
1449530
1450853
1451452
1451908
1452417
1453505
1453653
1454126
1454359
1454448
1456652
1456947
1457100
1458129
1459182
1459932
1460538
1461027
1462693
1463329
1464872
1467852
1469916
1471427
1472328
1472639
1472990
1475431
1475669
1479311
1480088
1480090
1480965
1481745
1482122
1484753
1485698
1486314
1487167
1488061
1488180
1490276
1493497
1496413
1499426
1500064
1500310
1500696
1501482
1502886
1504816
1505678
1505887
1505973
1506798
1507702
1508102
1508618
1508776
1509442
1510145
1511580
1512567
1512758
1514762
1515863
1516179
1516289
1516425
1518026
1518331
1518524
1518627
1518821
1519337
1520132
1520483
1521360
1522987
1523249
1523741
1524335
1525267
1525549
1526579
1527534
1527592
1528199
1528587
1528939
1534536
1539125
1539393
1539595
1539759
1543159
1549394
1549833
1552627
1555838
1557208
1557732
1557739
1560641
1561056
1562582
1568003
1577439
1577937
1580320
1580506
1584195
1585106
1586293
1587976
1590001
1590447
1590965
1593865
1594181
1595692
1597321
1597481
1597645
1601024
1601712
1604836
1605814
1606492
1607449
1611457
1611938
1612431
1613009
1613195
1614919
1616734
1617488
1619229
1620488
1620719
1620972
1621853
1622291
1623116
1623888
1623920
1624897
1625333
1627644
1628288
1629506
1631573
1631583
1636654
1637112
1638856
1640416
1641287
1646220
1647078
1651520
1651636
1651705
1653371
1653764
1654211
1656063
1656064
1656067
1656459
1657026
1658865
1658881
1660293
1661071
1661402
1662259
1663261
1664257
1665820
1666568
1667179
1667685
1667872
1668514
1668876
1669914
1671382
1673299
1673567
1674343
1676311
597162
601102
610997
615147
617247
619021
623791
623998
624187
626262
629858
634257
635235
635705
635977
637621
637957
638018
638236
639303
639343
639648
639728
639885
640339
641388
642338
642717
642734
643051
643649
643839
643927
644069
645289
645565
645572
645699
646662
646825
648022
648094
648206
648705
650001
650273
650275
650732
650874
651030
651990
652401
653026
653238
654015
655660
655742
655987
656277
656752
657201
657267
659349
660517
662132
664009
664983
665518
665934
665936
667092
667315
667512
668245
669584
672789
674042
679588
724353
757128
765628
769108
769265
771294
778582
782581
791597
800363
842255
844832
854088
867056
870870
873966
876044
879656
894215
899702
908933
910375
928187
932335
944374
945429
953993
959531
960135
960146
995603
