1001994
1005991
1011354
1012609
1013001
1018916
1020034
1023035
1023158
1026037
1026774
1027300
1032208
1033020
1034230
1036515
1037830
1042567
1044077
1048517
1054538
1056410
1059081
1061214
1061600
1063733
1064346
1064636
1064835
1065909
1067473
1068218
1069405
1069762
1070962
1072044
1072130
1072174
1072760
1072847
1072871
1073577
1074280
1075546
1077687
1079729
1080312
1080987
1085175
1086145
1086842
1087633
1088635
1089207
1092370
1092947
1096026
1096138
1098314
1098583
1099437
1100409
1101158
1102204
1105045
1107009
1107011
1108455
1109889
1110488
1110557
1111243
1111248
1111251
1111327
1111737
1111834
1114058
1114569
1115776
1116306
1117304
1117406
1117977
1118894
1119019
1119579
1120655
1122218
1122387
1123882
1124018
1124898
1125025
1125734
1127012
1127206
1127246
1128064
1128196
1128939
1130150
1130541
1132265
1132342
1132468
1133909
1135066
1135511
1136397
1137326
1137624
1138199
1138391
1138554
1138808
1140537
1142210
1143130
1143194
1143299
1143679
1144991
1145781
1146101
1146213
1146339
1146416
1146724
1149526
1149542
1151139
1151650
1152026
1152177
1153478
1153688
1154683
1154876
1155474
1155985
1156861
1159321
1159973
1160884
1161063
1161719
1163109
1163359
1163852
1164567
1165706
1166082
1166900
1166924
1167332
1167356
1167888
1168207
1168959
1169867
1170246
1170794
1170809
1171603
1172055
1172076
1172189
1172397
1173284
1174479
1175396
1176270
1177501
1177948
1178058
1178148
1178890
1179262
1179484
1181204
1181571
1181651
1182711
1182723
1183153
1184068
1184500
1185157
1185820
1186160
1186657
1186725
1186962
1188105
1188590
1189814
1190038
1191463
1191942
1192401
1193038
1193757
1193999
1194002
1194006
1194818
1194820
1196237
1197012
1198435
1200326
1200580
1200856
1200869
1201793
1202677
1202844
1203135
1204580
1204669
1204700
1205707
1205937
1206564
1207571
1208059
1208665
1209471
1210302
1212305
1213979
1218326
1219330
1220493
1221421
1221904
1224100
1225250
1228950
940684
969309
988698
