1000185
1000598
1000960
1001994
1002340
1004480
1005578
1005584
1005991
1007223
1009952
1011007
1011354
1011859
1012609
1013001
1016519
1018524
1018916
1020034
1022945
1023035
1023158
1026037
1026774
1027300
1027359
1030667
1032208
1033020
1033121
1034230
1035007
1036515
1037641
1037666
1037830
1041148
1041512
1042567
1042699
1043787
1044077
1045977
1047831
1048517
1049095
1050340
1050690
1054359
1054538
1056410
1059081
1061214
1061600
1062876
1062981
1063327
1063733
1064346
1064636
1064835
1065909
1066190
1067473
1068218
1069405
1069762
1070962
1072044
1072130
1072174
1072760
1072847
1072871
1073577
1074280
1075546
1077687
1079658
1079729
1080312
1080987
1080995
1085175
1086145
1086842
1086999
1087565
1087633
1088635
1089207
1092363
1092370
1092947
1094536
1095859
1095925
1096026
1096138
1098583
1099437
1100409
1105045
1105914
1106596
1107009
1108455
1109552
1109889
1110488
1110557
1111243
1111248
1111251
1111327
1111737
1111834
1111960
1113431
1114058
1114569
1115776
1116306
1117304
1117406
1117977
1118894
1119019
1119579
1120261
1120655
1122218
1122387
1123882
1124018
1124898
1125013
1125025
1125389
1125734
1127012
1127206
1127246
1127481
1128064
1128196
1128939
1130150
1130541
1132265
1132342
1132467
1132468
1133909
1134560
1134561
1135066
1135511
1136397
1137326
1137624
1138199
1138391
1138554
1138669
1140537
1141081
1142210
1143130
1143194
1143299
1143679
1144107
1144988
1144991
1145255
1145781
1146101
1146213
1146339
1146416
1146724
1147497
1148328
1148732
1149526
1149542
1149605
1149891
1151139
1151650
1152026
1152177
1152280
1153478
1153688
1154683
1154876
1155474
1155985
1156861
1159321
1159973
1160884
1161063
1161719
1163359
1163422
1163852
1164567
1164766
1165706
1166082
1166900
1166924
1167332
1167356
1167888
1168207
1168959
1169867
1170246
1170344
1170390
1170794
1170809
1171518
1171540
1171603
1172055
1172076
1172189
1172397
1174479
1175278
1175396
1176270
1177501
1177948
1178148
1178890
1179484
1181204
1181651
1182711
1182723
1183153
1184009
1184068
1184500
1185115
1185820
1186657
1186718
1186725
1186962
1188590
1189814
1189860
1190526
1191463
1192226
1192401
1195976
1198435
1200004
1200148
1200856
1200869
1201793
1202844
406541
504014
552002
555018
562442
575294
624621
626775
627295
629816
633691
634444
635852
643967
646968
649079
652054
653672
653926
655098
655389
655649
655836
657198
657462
657588
658864
660453
661567
662215
662309
663899
664930
665070
665360
665548
665578
667011
667507
668941
669228
670317
670319
670514
671160
671756
672436
672485
672892
673757
674182
674776
674843
675515
675747
676918
677847
678818
679494
679593
679986
680456
680687
680840
682252
682335
682727
684555
684882
684938
685186
685321
686044
686107
687745
688208
688364
688974
689892
690225
690376
690970
691299
691746
691873
692817
693143
693144
693399
694200
694576
694953
695076
696579
696748
697255
699033
699594
700512
701071
701248
701259
701269
701637
701806
702466
704354
704482
705347
705651
705855
706249
706381
707051
708186
708198
708688
708825
710079
711043
711651
711653
712169
712289
712572
712914
713209
714590
714600
714614
714616
714631
715073
715319
715662
716067
716556
716868
717488
717511
718202
718203
718290
718516
718573
718852
719612
719750
719994
720079
720103
720305
720380
720619
722831
723446
723453
723465
723773
723808
723971
724284
725499
725770
726264
726332
726502
727303
727330
727401
727547
730208
730415
730425
732233
732870
732941
732951
733282
733305
733979
734288
735073
735104
735943
736012
736537
736589
736609
737129
737182
737307
737384
737559
737875
738396
738841
738985
739343
739925
740595
743475
743876
744480
744541
744888
745158
745254
745494
745580
746103
746855
746896
747607
747688
748119
748613
748764
748948
749039
749385
750066
750096
750109
750575
750820
750850
750932
751422
752038
752087
752662
752902
753162
753230
753623
754044
754150
754242
754725
754989
755916
756241
756581
756600
756719
757376
757431
758200
758344
758408
758471
759249
760887
760996
761014
761448
761655
761667
761831
762280
762920
763225
764176
764296
765139
765179
765218
765409
765527
765621
765936
766018
766304
766452
767765
767778
768101
768243
768313
768568
768750
769120
769303
770429
770478
770684
771873
771942
771976
771994
772282
772346
773097
773207
774548
774597
774953
775009
775206
775228
775793
775794
775852
775868
776213
777028
777578
777806
778428
778603
778765
779413
779821
779849
780370
780549
780712
780778
780979
781859
782141
783260
783502
783867
784404
784730
785358
785555
785574
785720
785734
785753
785967
786111
786142
786895
787089
787493
787704
787722
787818
787831
788822
788950
788959
789075
790139
790373
790454
790856
790865
790879
791601
791905
792305
792405
792857
793121
793253
793848
794025
794158
794426
795281
795284
795708
795804
796475
797163
797977
798045
798264
798677
798678
798691
798853
798867
799803
799907
799952
800666
801114
801195
801330
801366
801681
802026
802168
802557
802778
802902
803853
803870
804237
804927
805024
805121
805287
805294
805745
805807
805814
805957
806031
806483
808481
808736
809064
809295
809652
809674
810169
811382
811557
812161
812380
812847
812893
813442
813901
813906
814001
814026
814027
814029
814407
814713
814839
815315
815795
816842
816994
817841
818241
819635
821573
821991
822858
822941
824643
824856
825697
825721
826471
827070
827106
827193
827596
827687
827870
830134
830389
830399
830595
830614
830943
830975
831055
831095
832162
834240
834732
835499
837714
838413
839209
839621
840098
840263
840353
840882
842300
842687
843829
844088
846615
847606
848253
848535
848644
849014
849791
850478
851353
851418
851982
852923
854157
854897
855331
857883
858060
858101
859072
859892
860123
861530
862182
862185
862309
863454
863933
863935
865537
865569
865883
866823
866915
867482
867597
868267
868327
870200
871099
871161
871368
871462
873073
874974
875818
876155
876458
876762
876878
877287
878703
879139
879787
879924
880544
880734
882865
882897
883165
883313
883322
883450
883514
883686
886102
886262
886850
887098
887334
887921
888107
888314
888361
888820
889193
890277
890432
890853
891292
891693
893308
893519
893572
893684
894137
894370
894736
895294
895557
896126
896268
897676
897678
898381
898832
898871
899022
901351
903885
904886
905382
905903
906301
907727
909494
909586
910139
910438
910881
911547
911707
911845
911864
912534
914017
915210
916404
916576
916580
916635
916685
916726
917380
917841
918864
919592
921470
921622
922009
922603
924348
925100
925308
925747
925896
926361
927579
927687
929261
930281
930381
930857
930874
932162
932449
932496
933219
934016
934545
935618
936056
936808
937132
937582
937697
938341
938431
938615
938626
939472
941887
942152
942164
942940
943803
944278
944321
944353
944851
945192
945334
945585
945939
946658
946733
947592
949843
950000
950427
950438
950452
950604
951366
952022
953104
953114
953373
956524
958867
960145
961512
963198
963962
963974
964462
965982
966006
966021
966311
966630
967341
967354
969226
969517
969549
972622
973874
977538
977955
978652
978811
978862
980537
982906
982909
982957
982974
983344
986678
986843
986864
987003
987140
987794
988106
988675
988698
988719
989183
989210
989994
990247
990794
990868
991471
991533
991981
992274
992968
993546
994337
994907
995075
995289
995607
995679
995704
995816
995817
996536
996715
996883
999274
999651
