406541
629816
633691
634444
635852
643967
657588
670317
670514
680456
684555
687745
688208
690970
699033
699594
701269
704354
705855
706381
708688
708825
711043
711653
712572
712914
714590
714614
714616
714631
715073
715319
716067
716556
717488
717511
718202
718203
718290
718516
718573
718852
719750
719994
720079
720103
720305
720380
720619
723446
723453
723465
723773
723808
723971
724284
725499
725770
726332
726502
727303
727330
727401
727547
730208
730415
730425
732233
732870
732941
732951
733282
733305
733979
734288
735073
735104
735943
736012
736537
736589
736609
737129
737182
737307
737384
737559
737875
738396
738841
738985
739925
740595
743475
743876
744480
744541
744888
745158
745254
745494
745580
746103
746855
746896
747607
747688
748119
748613
748948
749039
749385
750066
750096
750109
750575
750820
750932
751422
752038
752087
752662
752902
753162
754044
754150
754242
754725
754989
755916
756241
756581
756600
756719
757376
757431
758200
758344
758408
758471
759249
760887
760996
761448
761655
761831
762280
762920
763225
764176
764296
765139
765179
765218
765409
765527
765621
765936
766018
766304
766452
767765
767778
768101
768243
768313
768750
769120
769303
770429
770478
771859
771873
771942
771976
771994
772282
772346
773097
773207
774548
774597
774953
775009
775206
775228
775793
775794
775852
775868
776213
777028
777578
777806
778428
778765
779849
780370
780549
780712
780778
780979
781859
782141
783260
783502
784404
784730
785358
785555
785574
785720
785734
785753
785967
786111
786142
786895
787089
787283
787493
787704
787722
787818
787831
788822
788950
788959
789075
790373
790856
790865
790879
791432
791601
791905
792305
792405
793121
793253
793848
794025
794158
794426
795281
795284
795708
795804
796475
797163
797977
798677
798678
798691
798853
798867
799803
799907
799952
800666
801114
801195
801330
801681
802026
802168
802557
802778
802902
803228
803853
803870
804237
804927
805024
805121
805287
805294
805745
805807
805814
805957
806031
806483
808402
808481
808736
809064
809295
809652
809674
810169
811382
812161
812380
812847
812893
813442
813901
813906
814001
814026
814027
814029
814407
814552
814713
814839
815315
815795
816842
816994
817841
818241
818454
819635
819775
821479
821850
821991
822858
822910
822941
824643
824856
825697
825721
826104
826163
826392
826471
826588
827070
827106
827193
827596
827687
827870
830134
830389
830399
830595
830943
830975
831055
831095
832162
834240
834526
834732
835499
837007
837324
837714
838413
839209
839621
839745
840098
840263
840353
842300
842687
843434
844088
846615
847606
848237
848253
848417
848535
848644
849014
849597
850478
850492
850931
851353
851418
851781
851982
852315
852923
853709
854001
854157
854897
855236
855331
857883
858060
858101
859072
859892
860123
860971
861530
862182
862185
862309
863454
863933
863935
864558
865537
865569
865883
865948
866544
866823
866825
866915
867482
870200
871099
871368
871462
873073
874974
876155
876458
876762
876878
877287
878703
879139
879787
880544
880734
883450
883514
886102
887098
887921
888107
888314
888361
889193
890853
893308
893519
893572
893684
894370
895294
896126
897676
897678
898381
898832
898871
899022
901351
906301
907727
909494
910438
912534
914017
915210
916576
916580
916685
918864
925100
927687
934016
