1000185
1000598
1000960
1001994
1002340
1002702
1004480
1005578
1005584
1005991
1007223
1009675
1009952
1011007
1011354
1012609
1012694
1013001
1013056
1015973
1016519
1018234
1018486
1018524
1018916
1019684
1020008
1020034
1020041
1020205
1020219
1020411
1021240
1021312
1021969
1022773
1022945
1023035
1023121
1023158
1024765
1026022
1026037
1026774
1027300
1027359
1028358
1028891
1032208
1033020
1033121
1034230
1034383
1035007
1035438
1036515
1037641
1037666
1037830
1041148
1041512
1042567
1044077
1045977
1047831
1048517
1054359
1054538
1056410
1059081
1061214
1061600
1062876
1062981
1063327
1064346
1064636
1064835
1067473
1068218
1069405
1070962
1072044
1072130
1072174
1072760
1072847
1072871
1073577
1074280
1075546
1077687
1079729
1080312
1080987
1080995
1085175
1086145
1086842
1087565
1087633
1088635
1089207
1092855
1092947
1095859
1096026
1096138
1098583
1106596
1107009
1107011
1109889
1110557
1111243
1111248
1111251
1111327
1111737
1111834
1114058
1114569
1115776
1116306
1117304
1117406
1117977
1118894
1119019
1119579
1120655
1122387
1123661
1123882
1124018
1125734
1127012
1127206
1127246
1127481
1128064
1128196
1130150
1130541
1132265
1132342
1133909
1135066
1136397
1137326
1137624
1138199
1138391
1138554
1140537
1141382
1143130
1143194
1143299
1143679
1144991
1145781
1146101
1146213
1146339
1146416
1147497
1149526
1149542
1149891
1151139
1151650
1152026
1152177
1153478
1153688
1154876
1154923
1155328
1155474
1155985
1156861
1158489
1159321
1159973
1160884
1161063
1161719
1163359
1163852
1164567
1165706
1166082
1166900
1167332
1167356
1167888
1168207
1168959
1170246
1170794
1170809
1171518
1171603
1172055
1172076
1172189
1172397
1174479
1176270
1177501
1177861
1178890
1180064
1181204
1181651
1182711
1182723
1183153
1184009
1184068
1184500
1185033
1185157
1186160
1186657
1186725
1186962
1186973
1187420
1188010
1188105
1188590
1189814
1189860
1190526
1191463
1191942
1192028
1192226
1193038
1193757
1193999
1194002
1194006
1196237
1197012
1198435
1199171
1199430
1199923
1200148
1200326
1200580
1200856
1200869
1201793
1202677
1202844
1202868
1203135
1204061
1204155
1204269
1204580
1204669
1204700
1205157
1205163
1205707
1205900
1205937
1206211
1206564
1206675
1207298
1207571
1207958
1208059
1208665
1208946
1209358
1209365
1209366
1209368
1209471
1209546
1210302
1211262
1212305
1212328
1213979
1219330
1220450
1220493
1221385
1221421
1221872
1221904
1222015
1222101
1222809
1223670
1224100
1224200
1224361
1224363
1224369
1224396
1224979
1225250
1225618
1227052
1228103
1228882
1228950
1229825
1229855
1230483
1230639
1230668
1230686
1231121
1231919
1233152
1233346
1233925
1234147
1234280
1234425
1234571
1234576
1234578
1236519
1238558
1238592
1238935
1240290
1240880
1240893
1241217
1241731
1241896
1242279
1242668
1242798
1242810
1243178
1243335
1243464
1243466
1243473
1243482
1243513
1243526
1243555
1243583
1243597
1243816
1243823
1244250
1244995
1245528
1245743
1245866
1246014
1246054
1246093
1246972
1247236
1248794
1248804
1248805
1248876
1249081
1249183
1249338
1249377
1249578
1249685
1249920
1251308
1251922
1252707
1253099
1254106
1254122
1254164
1254622
1254688
1254876
1255298
1255949
1256009
1256065
1256493
1256739
1256968
1257361
1257765
1258079
1258231
1260439
1261175
1261230
1261335
1261752
1263384
1264053
1264300
1264575
1264998
1265577
1267130
1268626
1269729
1270288
1270537
1271037
1273202
1273265
1273537
1273701
1275400
1275582
1277213
1280215
1280443
1282076
1282246
1282502
1283823
1284690
1285833
1285960
1286911
1287204
1287721
1287912
1288555
1288588
1288780
1289280
1289970
1291016
1291665
1292159
1292443
1292534
1292590
1293334
1293347
1293985
1294095
1294407
1294677
1295002
1295299
1296024
1297062
1297111
1297361
1297934
1298169
1298773
1299098
1299519
1299686
1301343
1301381
1301496
1301876
1303127
1303678
1303710
1303713
1304201
1306142
1306890
1307557
1308036
1308048
1308251
1308346
1309720
1309834
1311687
1312001
1312243
1312272
1312548
1312609
1313212
1313711
1314442
1315248
1315631
1317085
1317409
1317805
1317936
1319122
1319370
1319524
1320894
1321038
1321066
1321384
1321566
1321612
1322107
1322315
1322420
1322716
1322896
1322971
1323150
1323241
1323338
1324000
1324042
1324379
1324716
1325052
1325200
1325511
1325513
1325877
1325938
1328121
1328251
1328323
1328834
1328861
1329403
1329796
1330687
1330769
1331058
1331209
1331771
1332501
1332550
1332569
1332597
1333568
1333752
1333858
1333887
1334246
1334290
1334876
1334933
1335450
1336467
1336510
1336622
1336699
1336828
1336830
1336832
1337418
1337504
1338383
1338876
1339116
1339259
1339566
1339591
1339722
1340127
1340138
1340186
1340482
1341096
1341905
1342101
1342552
1342567
1342661
1342823
1343261
1343453
1343505
1343513
1343552
1343642
1343795
1344034
1344081
1344305
1344380
1344461
1344467
1344686
1345089
1345461
1346012
1346140
1346419
1346590
1346654
1347075
1347168
1347262
1347617
1347748
1347979
1348143
1348424
1348894
1348941
1348955
1349266
1349276
1349310
1349340
1349595
1349621
1349719
1349946
1350047
1350683
1350844
1352093
1352295
1352556
1352745
1352747
1352926
1353088
1353312
1353476
1353975
1354443
1355039
1355174
1355182
1356025
1356558
1356607
1356824
1356985
1357090
1357462
1358551
1359547
1359639
1360309
1360334
1361326
1362590
1362924
1363280
1363396
1363723
1364283
1365189
1365602
1365875
1366140
1366595
1366818
1366903
1367692
1368030
1368105
1368362
1368490
1368576
1368652
1368732
1369561
1369913
1369994
1371259
1371283
1371424
1371657
1371889
1371890
1372849
1372985
1373220
1374047
1375146
1376036
1376087
1376459
1377426
1377618
1378147
1378826
1380284
1380292
1380426
1380824
1382366
1383002
1386787
1387427
1387799
1387918
1388020
1389974
1390550
1390980
1392739
1393362
1393367
1393624
1393840
1394265
1394530
1395138
1395246
1395508
1395598
1396320
1397811
1398381
1399400
1399520
1400003
1400554
1400563
1400763
1401804
1402372
1404636
1406398
1406750
1407740
1407751
1408005
1408017
1408276
1408412
1408990
1409440
1409951
1410134
1411415
1411458
1411592
1411699
1411708
1411716
1411720
1411732
1412081
1412145
1412252
1412420
1414452
1414829
1415582
1415598
1416529
1416878
1417797
1418447
1418854
1418922
1419363
1419417
1422389
1423159
1423432
1425000
1425520
1425612
1425780
1425930
1426129
1426783
1426988
1428589
1428947
1430557
1433609
1434384
1434580
1436241
1437087
1437450
1437507
1437842
1438425
1438556
1440926
1441941
1442010
1442722
1443092
1443748
1443865
1443891
1444668
1446062
1447080
1448705
1448774
1449548
1449736
1450345
1450353
1450688
1450989
1451297
1451376
1452202
1452375
1452576
1453127
1454285
1454692
1456189
1456975
1457721
1458048
1458264
1458270
1459162
1459206
1459383
1459568
1459693
1460619
1461324
1461619
1462891
1462910
1463244
1463494
1463884
1464039
1464056
1464063
1464079
1464667
1464784
1464829
1465108
1465686
1465898
1466577
1466991
1467363
1467889
1467938
1468217
1468523
1468738
1469309
1469486
1469914
1470260
1471953
1472925
1473113
1473161
1475775
1478575
1478843
1478849
1480092
1480517
1480521
1481093
1481844
1482659
1483120
1483510
1483699
1483905
1484905
1487098
1487660
1487964
1488295
1488803
1490234
1490561
1490585
1492524
1492823
1493347
1494752
1495011
1495245
1496159
1496340
1497749
1498460
1498482
1498701
1498765
1499108
1499198
1499719
1499861
1500011
1500759
1501152
1502013
1502871
1503082
1503326
1503393
1504365
1504452
1505181
1506640
1506665
1507180
1507218
1507696
1510114
1510345
1510471
1510494
1512450
1512511
1513201
1513519
1514682
1515052
1515342
1516325
1516514
1516738
1516834
1517542
1518001
1518774
1521214
1521304
1521542
1523362
1524214
1524755
1525145
1525433
1525815
1525817
1526218
1527717
1528335
1528481
1528829
1528909
1529203
1530103
1530958
1531277
1532465
1532525
1532553
1532599
1533300
1533522
1533554
1533842
1533957
1534196
1534593
1535194
1535482
1535518
1535612
1535848
1536227
1536405
1536768
1537692
1537924
1538006
1538007
1538042
1538619
1538736
1539219
1539598
1540136
1540166
1540221
1540541
1540590
1540759
1541580
1542097
1542194
1542324
1542465
1542581
1542593
1542829
1543191
1543804
1544180
1544181
1544190
1544386
1544670
1545345
1546327
1546331
1546544
1547266
1547472
1547757
1547760
1548044
1548306
1548611
1548822
1549768
1550133
1550498
1551615
1551907
1552208
1552541
1552632
1552993
1553808
1553814
1553820
1555523
1555646
1556230
1558299
1558522
1559715
1559858
1560495
1560667
1561502
1562033
1562600
1563133
1563327
1564449
1567209
1571223
1571481
1572541
1573048
1573160
1575217
1576843
1577061
1577107
1577719
1577953
1578933
1580156
1580288
1581084
1581950
1582857
1583463
1583684
1584170
1584216
1584907
1585760
1586176
1586599
1586630
1586845
1591334
1592078
1592502
1595470
1595786
1595886
1596668
1596706
1598543
1598605
1599005
1599008
1599181
1601826
1602843
1602862
1602944
1603055
1604847
1604851
1605777
1606610
1606619
1606864
1607443
1607742
1607762
1608068
1608256
1608539
1608580
1608785
1609607
1609951
1610880
1611105
1611482
1612308
1612636
1613623
1613765
1614339
1614468
1614704
1614971
1615471
1616661
1617370
1619305
1620193
1620203
1620818
1622640
1624098
1625404
1625749
1626382
1626728
1628076
1631187
1631508
1631576
1631597
1631618
1632241
1632717
1633880
1634738
1634872
1635293
1637682
1637745
1639590
1639734
1640737
1641303
1641487
1642028
1642400
1642792
1643199
1643437
1643613
1643874
1644076
1644839
1644954
1645204
1645835
1646006
1646140
1646787
1647293
1648333
1648493
1649347
1650811
1651001
1651449
1651678
1653626
1656697
1656741
1656957
1656987
1657739
1657916
1658214
1660211
1660236
1660800
1660954
1661365
1661617
1662507
1662676
1662760
1663439
1663466
1663571
1664149
1664831
1666140
1666184
1666236
1666285
1666300
1666360
1666570
1667102
1667113
1667456
1667912
1669355
1669466
1670358
1671479
1671923
1672223
1672528
1673239
1673240
1673241
1673526
1673589
1674278
1674343
1674835
1675097
1675755
1675844
1675868
1675905
1677046
1677047
1677338
1677590
1677888
1677940
1679003
1680084
1680410
1681022
1681268
1682068
1682101
1682370
1682928
1682938
1683439
1683736
1683940
1683964
1684020
1685260
1685354
1685925
1687342
1687391
1687597
1690062
1690169
1690718
1690976
1691153
1691547
1692832
1692899
1693664
1696138
1696685
1698503
1699077
1699835
1700690
1700895
1702374
1703191
1703334
1703760
1704722
1705211
1706041
1706501
1706910
1707774
1709976
1710290
1711576
1712671
1714391
1715318
1715755
1715766
1716129
1716481
1717778
1717922
1718571
1719178
1719319
1719998
1720031
1720568
1720926
1721107
1722073
1722083
1722204
1723176
1723281
1723391
1723920
1724101
1724107
1724896
1725335
1725854
1726621
1728321
1729517
1729642
1729813
1730048
1730120
1730156
1730194
1730750
1730935
1731779
1732310
1733366
1735028
1735071
1735152
1735856
1736046
1736751
1737009
1737252
1737751
1737816
1738237
1738418
1739091
1739220
1739366
1739372
1739421
1739683
1739923
1740274
1740389
1740797
1741201
1741869
1742334
1742382
1742579
1743221
1743515
1744056
1744158
1745373
1745874
1746011
1746720
406541
504014
552002
555018
562442
575294
624621
627295
629816
633691
634444
635852
643967
646968
649079
652054
653672
655098
655389
655649
655836
657198
657462
657588
658864
660453
661567
662215
662309
663899
664930
665070
665360
665548
665578
667011
667507
668941
669228
670317
670319
670514
671160
671756
672436
672485
672892
673757
674182
674776
674843
675515
675747
676918
677847
678818
679494
679593
679986
680456
680687
682252
682727
684555
684882
684938
685186
685321
686044
686107
687745
688208
688364
688974
689892
690225
690376
690970
691299
691746
691873
692817
693143
693144
693399
694200
694576
694953
695076
696579
696748
697255
699033
699594
700512
701071
701248
701259
701269
701637
701806
702466
704354
704482
705347
705651
705855
706249
706381
707051
708186
708198
708688
708825
710079
711043
711651
711653
712169
712289
712572
712914
713209
714590
714600
714614
714616
714631
715073
715319
715662
716067
716556
717488
717511
718202
718203
718290
718516
718573
718852
719612
719750
719994
720079
720103
720305
720380
720619
723446
723453
723465
723773
723808
723971
724284
725499
725770
726264
726332
726502
727303
727330
727401
727547
730208
730415
730425
732233
732870
732941
732951
733282
733305
733979
734288
735073
735104
735943
736012
736537
736589
736609
737129
737182
737307
737384
737559
737875
738396
738841
738985
739343
739925
740595
743475
743876
744480
744541
744888
745158
745254
745494
745580
746103
746855
746896
747607
747688
748119
748613
748764
748948
749039
749385
750066
750096
750109
750575
750820
750850
750932
751422
752038
752087
752662
752902
753162
753230
753623
754044
754150
754242
754725
754989
755916
756241
756581
756600
756719
757376
757431
758200
758344
758408
758471
759249
760887
760996
761014
761448
761655
761831
762280
762920
763225
764176
764296
765139
765179
765218
765409
765527
765621
765936
766018
766304
766452
767765
767778
768101
768243
768313
768750
769120
769303
770429
770478
770684
771859
771873
771942
771976
771994
772282
772346
773097
773207
774548
774597
774953
775009
775206
775228
775793
775794
775852
775868
776213
777028
777578
777806
778428
778603
778765
779821
779849
780370
780549
780712
780778
780979
781859
782141
783260
783502
783867
784404
784730
785358
785555
785574
785720
785734
785753
785967
786111
786142
786797
786895
787089
787283
787493
787704
787722
787818
787831
788822
788950
788959
789075
790139
790373
790856
790865
790879
791432
791601
791905
792305
792405
792857
793121
793253
793848
794025
794158
794426
795281
795284
795708
795804
796475
797163
797977
798045
798264
798677
798678
798691
798853
798867
799803
799907
799952
800666
801114
801195
801330
801681
802026
802168
802557
802778
802902
803228
803853
803870
804237
804927
805024
805121
805287
805294
805745
805807
805814
805957
806031
806483
808402
808481
808736
809064
809295
809652
809674
810169
811382
812161
812380
812847
812893
813442
813901
813906
814001
814026
814027
814029
814407
814552
814713
814839
815315
815795
816842
816994
817841
818241
818454
819635
819775
821479
821850
821991
822081
822858
822910
822941
824643
824856
825697
825721
826104
826163
826392
826471
826588
827070
827106
827193
827596
827687
827870
830134
830389
830399
830595
830943
830975
831055
831095
832162
834240
834526
834732
835499
837007
837324
837714
838413
839209
839621
839745
840098
840263
840353
842300
842687
843434
844088
846615
847606
848237
848253
848417
848535
848644
849014
849597
850478
850492
850931
851353
851418
851781
851982
852315
852923
853709
854001
854157
854897
855236
855331
857883
858060
858101
859072
859892
860123
860971
861530
862182
862185
862309
863454
863933
863935
864558
865537
865569
865883
865948
866544
866823
866825
866915
867482
867597
868267
868327
870200
871099
871368
871462
873073
874974
875818
876155
876458
876762
876878
877287
878703
879139
879787
880544
880734
882897
883450
883514
883686
886102
886850
887098
887334
887921
888107
888314
888361
888820
889193
890432
890853
891292
891693
893308
893519
893572
893684
894137
894370
895294
895557
896126
896268
897676
897678
898381
898832
898871
899022
901351
905382
905903
906301
907727
909494
909586
910438
910881
911707
911845
911864
912534
913805
914017
915210
916404
916576
916580
916635
916685
917380
918864
919592
921470
921622
922009
922603
924348
925100
925308
925747
925896
926361
927579
927687
929261
930281
930381
930857
930874
932162
932449
932496
933219
934016
934545
936056
936808
937132
937582
937697
938341
938431
938615
938626
939472
941887
942152
942164
942940
943803
944278
944321
944353
944851
945192
945334
945585
945939
946658
946733
947592
949843
950000
950438
950452
951366
952022
953104
953114
953373
958867
960145
963150
963198
963974
964462
965982
966006
966021
966311
966630
967341
967354
969226
969309
969517
969549
973874
977538
977955
978652
978811
980537
982906
982909
982957
982974
983344
985070
985135
986678
986843
986864
987003
987140
988719
989183
989994
990096
990247
990794
990868
991471
991981
992274
992968
993546
994444
994907
995075
995607
995679
995704
995816
995817
996536
996715
996883
997795
999274
999651
